$ANSIBLE_VAULT;1.1;AES256
30643631626235353232306665616563663664343861333566356262353837623730306237393036
3661393933613231373863333662326634366535663365630a613131663338323061656230333162
33633739616435393638343938366538666163383466383066623463316463613861396230353462
6366656465323332340a373363626563346530636333326635373838613534623435616430613665
36333938343135646637316561313064393834623266343466643466356531646330646461656563
34356534643130343234373964323437353135353164633864616130303265393039333130356633
34323832633534666663656233613238326634343334666165643738643736663735323334313162
35663132373263346338646565383938363262616230313961626662656135626336623734343738
34333665393738366265313931346131386633383161633230366230306231363436313865393435
37626263646336636231366566373032376361333662663033613732373638383566613364363638
63356130363337326439326631616534366138653730343461343765646131306461323563633639
36356132353039663131643362616138356365366539663131663963636461353166653837336665
38613465646134666437366133343263363433333461346639303537383736396565316262353562
38326630353366356666353766646630313861363436643835663530666466376536343664343733
62623534316562353032656236636561666430316132396231356563353639643462383735656464
34373332346330326565663430313565326336303930303438306632653536616363653032333563
32613531346430323530633239353633616537376533613866656533336633303965643939303238
39393465386161356632376635656630333439326665323634306434333038666433343133393939
31653863393435633962303333633363363764666337303263636563316437326333613530373039
65613439323134336261653035623632333639666561353439663437666164343339643339323633
65303463646439643939376530393364333435343731643738663563363965323434366463343736
33326262653339393735633331633765353933333261346237363830356238336430323061366265
36653132313230363335306233386436396338383936343838356632343566633663663765353266
35353337383234376362313530383030323535633162386463353062333337616163633532393739
64653662313266333036353231353031353936353662323132663264653839643537
