$ANSIBLE_VAULT;1.1;AES256
30323736363136356437616361613161626465353134626634623866313662383031623662373438
6164383638633437366238643336626363366433373266620a383163643834356164613539363531
32336137396362343066633833303061326531663365336330666661313932643062623761626236
6465343938346164620a343834353333666332633964316634633737336631343938323639623237
34663333616233666431616465376430613836323732633839323130386161336161663534653266
32323836633139343134656631643337333865616263343430373238633736303131353064643735
64366635666431633433373464303630326634356239353034356163366639353361316363313264
32623262653236616365356466353838363238333536363737313762613539303236313233663335
62353736393631306438323135323339303663386662363334336632383139343932366432643632
37613136333866663334353661656563323131353663303563623565386137323932633061386338
34656362343438656439353231326432393432326335643761656232623731393433626530636338
36643034373266326433653537353161346233333035303466323334613639383031333963333964
30373437363361636237373561656666633463333631663134616332323634613835383737356561
64313537393065633934626232663438663139333631656636626161376663613566653262636136
31356235396265616361616236316237346538386531336363343961323064346633656230383234
30653231623164393631356430303634386138376262643764333365366234333637616137663865
30626661646135346362653331666264313834363432343464623234336161346136393830316531
34653461303563366236386138643861346431653930383139306432373165316439663734393961
65396465656533333862326431383034303865303837356564643864393763626564633536346264
37353535633335666632386461346431366339386633303565306138333636653339633464636336
64376235626362613537346363626564316135623236613665366638636334306666336438643133
63333638366137336338646232343239376631353937316131633166383838646636643738663330
64633038646436323930373633613061306631363231343931346539393736643161353532386264
34346462616664323333396363383561646137316162623661383330656135646234343132343061
37393735353465306232376438373165616332303361346130386339316638613532303632623761
65646337646631383630303366363838613761353733326434636230393338393565363539396561
35663234636661333761313832346263306365616639613033343630366639386231663233323237
61373964633138306237323962396464313763663339366562386639666362663732613335353163
39323838653766393433616335346538323134663466373033636562333364666563666463356337
36366234623061633838623861646266326465366661323037623531663434343535333963646132
36363332366562393662393135663166386465343338386438313164303031363138313031386164
62373464633931323132333362336234623430646435386236393637333065656536666238346262
61636534666436363566636265613562363435636362303765343931346465663832333239646264
34626532646365333433386532316334646264303436326165653836343135643936336661306366
33653636653662616366643562323430303133366132636137323633356264306362333538316539
35316163616432623936316430643935343934666437373161333666616332633131643639373335
38323733363239633430616330313332623265623034356536643262633766663431366433306433
65346365333161643238353133613433346132323564306461366631316230633533363731333339
30633439333563373331303361303566346562653334646563613133343033613936616637363830
38393437363639623763313431633862626663626534346235636136316433616438636662616438
61393965303030326339633264643662663962663239633535376139376337323163323834393832
65316666363030356565633231323834393339663564333634356666633963353639643733303031
62323637643438326131363633613933666266383136616164326638343961313237333333616466
34306135643237306666636232343466306165646239316433666162336636636438383538633861
61333738393362636131646465323333353861313236323565333838343765346462326431313539
62656630613862303966396433333930333166613366636436613464626434663231613365346537
64633036613038383336623437353532353563326538623733393634313463333532353938663636
61353335623464653666383766383535613963373265323830313462356232343936363365356138
62396163316535343661616330386665316666613339313134326434643262643434383733383663
65346239613965623663316338333031303262376266363361353136663333333266333131396463
38616230373664333462646563643035616334316136623539336134353166306635613138353931
34343035623732363235663765623336646438626635386130333230373764366537363737373265
30326532363338326231396666366262316361303531306631306630373939376632653033363662
38626434613435316362653437393261333439373832663764393632643965363233653132656233
66386539613339386637393730373165373965313666383732383664616132613438613761303630
34303637353738663863613732323938306539613664643863643362393333333832616532636438
39663463663730616364353966373966643262333361356464633730633438323537356332636634
39346334366637353135616437346165346234323736353033663330346530613361333865353538
63636235313335313536333438623434366136623339393135646366633835346534653335383434
64363163653838653861326362653433633137656432363938383863336432623064323031323934
66363535383661383934396262373235386632383264383632333364633830366133376563353933
36363563646137353665643566343964356634306630623630656463626432633566613861313637
36323862376531623132363966633130303630333231636461343463643033303464303935326634
63353861366261656565376165656338393336396561616134663138626464353864616531333932
39356466393933323630343536333639323839653934383263623832396530633830386539313332
62383461336662353339663266373735376538663963633436626132393966623433636131656339
37613837356230363934663865383932376637363832366631343962653162393438303334616233
63376361343237643434353766656335373739623566356664616237306664323634623437383230
39353734656337356163373030646266373235336638643534356233353734626535373136396661
37343764316164626531313730306335626661373861623739633939353065653536666432643466
64633731326134666239343930636164306439326431656237343062396235326331643162636337
37626438653164373036653835373336333137316436643832343265656561333936653432373964
32643838393134633432613339306635623365653435336462616332643834303938363664303839
39646662373161323963313964343038356366353632643132353462353733653332666664356563
36656230663136633732353339333662393762626562306533643963366639663564383435663234
38383833306331353937333739663138353930326532653863613063323565633135373966383532
64633930636630383436373937656636633863646338653365316561626230353064366337326363
62383061656336393036633466303537323834663336353963326664363530313239626635306163
35366631633261306261303632653930636136643561396264356238633239623866393037633231
32333931313437363638653036356534653533653233626263316331313866636161393136626434
63636437323565666266356533393364376432653565356638363335653061616135393237336263
61306637343632336461386237393166633538656639323639396637353630653731376664373537
62373239306164326335656362363865323466333563326534663462363866336634333532313664
34623962326362346638353366396563363239653862346131303062346365626137316566663462
37663637623937356362626335616530316365663666383734363732653933343337613863323965
36316461333130656135303837326265663835323237346664626137393162633039613231653635
64333134353030643062333263386334323231376634346236333935323130393866343965363738
37313732346530613130353462646264393838316362643530363535313331313965393231656439
61653231363661636536356134383431376338616339316633386666343130353231616666376331
32393239636264303130343430306133636263343262396532386533343161353263633261313865
62343863343761323964343666636463653232613136333732393331663830326333383539353765
30313262663036653138623832633131613534353162666261643035626262326464656438653434
35373631333565336534653039373632363030626530303163613435386330643631373833636565
62616363613230333433633137653563663062353337626335346338643536313639366636306163
36323566643234363434613432356636383763343536633236363033613835653465626132366133
37383135653266666531393834316162393936366465643736623165366539623562626361306132
65373138353362386534636165636439306434323162396237396565383038323662633061363631
65333861666231373466343534666531373136326136643862313930633863626466393737323863
37333832373031656266386265303161366637336130373662636264663730666166626565323034
35656135643463336562363338353462333232393138613562356334343631636331343330346539
63616365616366663166316638323839343166336437363431613265373533643135313164323339
65386162363663303933386239663837646462326465313435396334383365623930323663373237
38326535636630616635633137366336333430356537643133343533633232303862386566346630
64613563636432346237663138626133663965643031346239356664653166343736656163656462
61366233663164383065663230616263393835333638613937616164396665313331613563343935
31373666653731663833626133373762343863353939326630613165383631316533656331646539
32333133633138613334326565393866346633653966323333343565363437616563663334643736
31303365353838373963643764623466333330623236663530333231383765346463636233376330
61643634626236373563646637343664383932633661353966373230626365646437666365333437
36623263356432326664353961396666636462383338333637393632636238623231666131353632
33646239383365363064366333646334313063316163663735363935623833343035386537383835
39323334626533376630646266646538306333613735306362653730663938373363373338653738
37363336636632653536316335373637373762383939643462313232613837666166633038373937
66653563366531383638373465396663326566386633326639366334613137343038653962636238
36636464373638653238346634663739653361333933646162613863623732323361343737326364
32623730353664346563343161396237306464653038393463393964356533366361653565633733
32636438323131333239313739363932663839303566653163336430626335373361653935303231
32363138383136363535643631646266323663363330646234326265633937356233383533653930
35623430613964636234626166366131616164366133396132396337316432306161663931646535
37343136363139303966303632653138373739616635366235366233336131393963303534653565
66386436633364623161323738323431386464643162323731643738633339393532616335653338
37363064316361646533313638323437363262336661663331616662346366613362613030326131
35326532643739626461656461386630656638333935346539353931336265363561656238353738
65316532656134326165336665376534643036653636626233333966323131316235386332383232
31316538636433633561303162326133323065633166323963306137393964343861316331363437
65613936316339613637613832356234366165386634383839373035323936623338396133343665
31633634386431346634323566326538333336613761333237363362313738373737656433643863
39663334613761303931643332303633393264323665616261376433343531636662346162666135
30343761613636663162623632333961373761336332376637343639343231613461343139666563
61643534393238623235666663666534313834626564633265666230643866663730373039313733
63626230323135323039306238613066653131306634316331356665626332353432323636613535
37636463633232626161653737613361343237626566623436613364323437313266356466383335
34383634333738383934316163373137303935323335303932343464303936336361626236366165
63373466633530366330383534353962393137386466396665626463333736613763666236333532
31333061343037316561383636366339323433366465363932373262633465626437623335386233
63643564376539616232663462353731303935396565306435303063663932363633336131663232
31356432393261643631336131303962386237666236643431643937346633393864366234386465
32313664616163343631333234343266326333313635656536313461363439623230316634343263
34356239333435663531303436383033333137613933363964343735336635313837653134303038
62626435303935386533353466623133663933346233336532356633633031633339363265346434
63316363373534323661373964396639333661343031313365633965353561633135373337623666
62366236393830316361383835353432643031666464343134643734343239333163346538663630
37636631366435373932343835666262653235313564633661313563363935636238613939316564
64393434336665326564316231333935373733323539393064333333613661393638323130656162
64333539343830333138323365653030383137323735626466636366636538373931333934303334
34653935373265373164353636393165663033346661343966656530666362393939653731336437
35366438323734383531643136663730643665626165303336663362316330326338623863376466
30353337396161376533636130623364353864383462626138643435313037393265656132636365
36656331393138646233396635666632383136326264326335336236636166666161653663363337
65373434323231313138336334643362653664663065356361646238646231333631653437616439
66616335333231303937366131313663653061613133333064303065323736613134333233316161
61613437623966333061323362653436646430666131626337393530663963333530373631316364
66383766663630633736616437386133666264613166636566623631656461333332303763333463
37353938343161623037386530653363383930353330323166323134623739383364326639623437
63663431663638333830363766333663346261353438363762396366663234366635396463373232
38323263343636646433326236306463333237336130373137316664313634633038343062376530
63373966623266663736313066653564346130633930646664643432303733346236333635356163
38333064396632313461353936376533616236313561313234633432636130656166316633656266
31616133373639626365666565303037313639663633646632373739626533343630666533623366
66383939613265393032363766633430393264326437336333656666623062666236613639323335
66653935383139623563616531653930333835373363623561646161313235633165633536363939
65646533646634656530393364643163666539303031343732383538366137383736303866396436
61653630623036623532383063333137306264633935616531303865353463656166376464333937
39303833323331366432656531373865613463313164636265623633656362343036653062353638
66343737313433656234343933386366353439613265323764623730316234666135613935633236
3065386231636430353662376638643230396631373038613430
