$ANSIBLE_VAULT;1.1;AES256
30316135393061633635363266623637656565333463643636373735613564366238303766373063
3339663462386230356332613736646631633237323737340a383161663761316261656637656466
30323466613434616261633961643034646335666339616233363239663737646234313234333332
3430666132383333640a653365373230626435663338363736623337313863356130326235323765
65643535353632643964313032396262323639366561393262383036313461303430353136353332
30343561613935313162623363363163373264636361376231663430336662626130616334613834
36636539316130653164323535323164313836623164356161396136346639643635373133363036
65306462356165303664346462636236633434613733633463666635356138643535393137366565
32363633613066356132336435623132306366626436663662313065626339343038326633316234
38363265363132386261303336626462666462313233613939353264303234656332313263366261
30386665386531316666636433316330326166646537323438396264363432356366356135643963
37333637643330333537333763343432633632333438653439356364336562363930393264323966
62656131656633613330613831626531333034613339303362373635653466616539313661626331
37373431386464373632613237356361383931316366616665353562623939303932646638343335
35613531363230633433346363376666643066663565353463306237396537663738626237323339
65646539653634386465643438376538613861396639306531643363366530316531653430636636
63616432643666656539383732316631383564323866623434646561626630636135343335623130
37626462356538613365363765363066653665363235373761393732353764303065306534393865
63333831353334393863323236653131643762366532323433316261623730316530366539313964
37393831353535626566326461353562376532633138383863393034616335666134613130666563
61373538333837656166343261323635376238313664393063646239343161613966663531633231
65376339373035306532623039393466316536326161303435333533323933303465643638383438
33623233386439326532663230396633623733653739366363376530363262303930613636346538
31316637333731386334316533333765626436313063633436313366323136643531366432623539
65343739323864366562333133643961623434666634303434343565653739306263
